246 459 889 617 891 596 364
578 581 445 868 886
239 610 539
107 761
974 1009 596 1040
311 829 156 133 1068 126 516
337 16
794 29 129 299 985
495 802 180 326 1051
29 889 1075 504 65 589 524 175
579 87 273 107 1029 1055 628 530 549 81 539 221
617 998
97 345 204 116
311 435 383 1040 126 213 144 953 550 531 410 445 788
891 839
365 566 866
580 16
435 1036 1040 445 825 137
239 1075 207 264
399 340 596 1015 902 395 18
1075 761 800 506
860 696
273 1020 117 294
775 541
492 111 567 813
891 493 839 200
848 273 780 152 749 984 631
177 560 889 1076 1059 205 250 743 1015
973 1089 410
52 311 820 1076 440 146 111 615 189
239 202 993 241 833 582 42 45 617 482 117 945 848 849 518 852 1010 1078 743 224 746 854 780 99 229 718 631 603 302 1090 720
982 946 1076 506 867 117 971
414 189
930 663
1018 338 551
657 653
207 539 150
1020 185 333
617 117 9
465 45 81 73 103 244
961 511 299 62
29 407 183 60 62
900 743 366 670 158 177 141 322 805 183 706 910 255 678 813
758 14 435 860 825
898 789
755 260
236 794 758 759 504 134 932 800 175 10 180 46 78 703 327 515 377 652 619 290 87 1034 1010 853 950 746 857 268 301 577 1050
618 918
212 132 1013 596
465 152 899 1013 760 364 699 788 86
496 459 690
773 359 532 354 553
773 796 270
689 823 954 6 986 911 254 949 897 62
509 1018 338 946 876 580 524 541
105 900 728 1094 625
749 229
265 217 224
266 617
504 299
410 294
841 743 147 410 699 625 766
172 511
35 201 994 504 207 996 318 40 937 509 1028 142 1064 1068 252 253 254 553 654 255 813 516 678 259 815 560 679 919 494 625 498 197 889 429 270 198 354 866 163 895 633 897
743 21
311 1 1056 995 762 725 761 547 16 219 377 254 1031 150 190 222 52 744 126 920 387 921 65 104 164 605
1018 338 775 580 941 872 376 18 396
509 913
95 910
167 578 402
57 117
299 976
758 544 1075 976
629 402 384 268 57 976 837 1071 1016 950
1012 538 9
77 442
848 239 1036 410
544 679 332
373 688 144 796 455 82 1071 986 1016 139 84
106 600 893 788 526
35 205 135 6 137 524 175 951 10 497 626 46 782 703 270 603 1094 187 86
132 953 1001 911 117 753 334 886
197 797 921
509 343 854 1013
884 788
578 1055
1085 105 117
229 833
343 490 689 560 443 691 986
259 698 969 367 365 712
93 813
77 52 733 147
273 57
177 105 780 497 984 82 691 603
672 679 890 443 57 332 683 671
490 35 982 689 443 1068 1047 1050
402 117 188
691 1094
758 634
229 117
495 212 1003 17 524
1085 541
1063 495 1054 569 586 1003 948 933 614 972
579 228 212 519 520 504 943 409 1072 884 304 913
672 900 489 410 986 670
442 603
81 82 84
477 36 1011
579 236 400 519 837 212 97 230 602 954 17 540 1094
87 1018 899 960 932 367 524 177 781 497 141 250 32 891 81 706
380 598 431 377
495 180 1019 352 326 327 146 207 254 1051
239 775 402 833
147 886
1018 1085 108 315 819 9
288 311 133 126 256
604 839
180 628 469 205 365 254 355 117 139
756 758 35 544 440 612 730 8 473 840 937 77 45 442 248 48 807 147 810 553 333 654 678 334 914 846 90 775 560 1076 1075 1010 1011 59 24 524 497 101 889 270 603 985 577 635 633
77 497 338 551
497 443 280
177 141 1075 71 110 255 813 424
579 236 918 330 18 949
803 695 742 725 761 891 147 493
916 205 9 886
373 496 41 886
481 1013 364
643 272
946 3 57 422 886
465 620
229 79 208
946 531
79 1001 1068
966 29 79 628 991 872 602 57 596 923
756 202 760 953 1040 825 294 334
849 486
465 397 108 1020 263 57 917 729 224 364 209 294 244 713 1013 1001 511 448
273 153 117
449 45 561 18 1090 464
106 924 534 575
90 560 207 919 524 175 424 937 950 247 249 184 147 254 654 1094 897
5 763
773 960 1076 1059
77 497
1019 401 883
756 598 989 468 594 270 50
1063 590 963 937
578 756 395 207
794 773 207 254 175 950
499 280 866
643 369
608 742 551 761 224
236 776 625 1085 802 212 246 180 1013 147 691 810 19 985 500 1050
107 468 382 1056 439 175 965 478 159 249 630 184 50 332 694
578 794 769 930 342 209
617 489 707
266 1085 1028 816 6 763 147 949 625
953 642 226
815 761
466 435 1040 445 364 825 188
578 217 763 812 86
229 117 839
35 79 187
380 982 560 443 146 251
57 595
620 132 107 399 941 489
657 210
14 775 603 541
259 815 621 994 1010 762 134 207 920 766 1063 713 246 768 782 954 146 395 147 284 868 1094 1050
848 144 833
876 108 910
579 839 234
481 1056 582
860 833 643 431 207 395 117
114 675 630 743 645 683 826
496 459 487 766
561 420
52 55 65
205 422
878 718 376
202 805 718
476 768 402 489 1040 410
490 213 1 628 861 711 207 1062 539 139 683
578 655 775 489
303 304 175 950
740 686 385
1090 117 9
29 817 863
672 343 237 966 899 47 107 637 1077 433
973 238 715 989 783 57 198 589 738 39
775 617
239 953 172 471 1041 332 117
773 758 1019 796 146 883
402 117
359 901 376 1016
572 402 410
196 742 562 324 1011
1052 579 521 874 1011 440 672 406 182 65 1087 21 517 606
496 52 459 690 55 5 65 538 464
273 436 324 494
18 522 541
773 749 911
572 410 117
425 261 331 883
829 208 464
584 664 777
803 1018 742 736 146 634
477 794 627 1080 118 1032
983 587
686 433
495 326 403
655 31 953
129 977
863 199 433
617 860 494
742 489
105 960 560 891
259 477 599 960 724 1076 1059 199
239 241 316 1090
794 953 489 682 886
152 1056 596 977 21
900 129 1090 987 117
815 429 263 1079 891 661
682 911
426 489
312 900 385 954
709 1018 426 970 987
266 57 717
289 52 459 215 402 690 129
495 87 352 932 146 367
169 155 676
983 108 364 541
196 562 698 1011 1094
486 410 117
578 509 620 458 481 451 1055 1019 470 761 39 884
87 36 504 134 698 932 367 365 207 522 175 950 160 942 161 954
967 489 365 414 433
44 364 676 494
620 248 215 268 129 18 117
664 777
554 746 556
398 739 70 931 277 548 646 647 113 938 29 460 550 572
578 68 273 312 121 92 637 107 901 223 496 212 229 882 1016 986
477 199
255 258
578 457 966 1019 134 698 505 365 207 684
687 742 274 64 340 595 682 1049
312 180 1090 1083
1063 829 512 489 146 1047
248 94
81 82 84
742 280 1081 661
95 591
579 898 989 450 361 1056 610 817 340 506 158 496 29 443 863 299 882 789 1092 1033 606
489 1081
579 899 156 595 211 950 966 701 479 79 860 182 409 198 489 146 1016 1093 21 847
68 312 899 360 798 25 672 1013 79 860 535 162 911
578 402 410
1008 815 260 758 261 795 642 384 74 904 999 370 802 265 731 940 891 704 151 234
585 686
673 481 1013 968 395
579 899 362 275 437 698 5 134 73 207 364 367 208 371 966 967 278 443 511 650 146 18 283 771 448 517 287 709 87 658 451 593 385 23 977 25 1041 524 226 597 980 29 229 782 31 1046 1047 103 538 542 464 397 312 172 317 800 672 804 45 674 550 1066 736 879 489 1006 410 50 1072 116 555 556 259 620 52 817 560 562 1078 1011 1081 566 567 128 343 569 749 197 1013 573 352 433
260 900 402 954 117
758 900 402 129 73 117
831 512 500 186
402 364 671
229 402
747 177 141 960 250 1059 536 111 258
900 395 911 653 117
1045 1011
312 402 911
741 395 25
212 17 19 653
261 1011 863 199 554
45 312 402 874 117 517
216 157
966 229 760 402 573 535 410
966 212 758 903 934 653 951
698 522 541
749 229 900 698 440 287
402 38 226 474 266 749 550 410 199 148 911 117 772
578 273 229 481 299 595 117
477 829 180 736 23 139
879 207
229 156 31 18 964
479 900 679 954 146 253
698 207 146
273 620 749 983 481 242 208 21
260 900 728
579 312 637 402 134 207 208 966 674 967 879 511 410 146 17 18 1072 116 556 52 451 817 1078 977 1041 229 863
402 410
461 275
495 259 326
343 578 510 599 107 761 725 199 589 566 21 606
29 599 199
152 593 18
477 229
1013 982 1066
499 931 1011 771 117
266 954
966 45
768 18
966 433
476 674 277 886
117 21 158
343 117
627 686 863 147
620 1055 768 954 698 148
343 117
108 572
402 917 283
343 229 1020 1006 911 226
740 385
81 82 84
208 606
241 410
579 1018 794 773 117
477 1021 664 410 746
477 740
595 954
610 957
236 1045 768 817 250 489 175 118 295 950 671
637 433 556
653 210
773 863
966 477 367 766
1011 9
599 399 1056 953 402 664 199 682 566 777
953 582
756 672 253 1051
229 144 953 1001 917
229 953 1064 565 987 682 208
802 917 494 149 27 9 1033
749 953
1006 158
44 29 674 686 567
1018 44 338 946 564 1015 911 682
382 134 146 207 254 175 694 950
380 578 579 1034 121 261 36 901 680 837 365 296 343 29 599 45 246 1045 499 278 1064 574 863 1016
617 117 474
1066 1015
400 629
855 481 144 182 316 188
229 953 208
966 433
259 261 831 315 680 681 494 715 278 1047 865 553 378
105 199
495 579 141 617 18 258
146 950
578 855 426
1006 21
960 1076
121 819
760 617
359 746
639 610
900 617 395
29 1020 679 961 199 493 332 683
578 946 223 1011 596 365 441 1080 364 43 10 495 477 45 78 459 248 1065 1001 703 864 753
477 599
756 400 402 562 698 565 777 10 966 46 426 31 1069 199 280 987 958
793 966 406 553 671
236 815 782 1013 146 128
1011 554
890 376
578 481 332 158
829 134 409
794 29 768 1066 489 1016 986 541
29 863
395 117
620 900 593 172 340 819 596 158 496 97 923 1006 253 412 1033
397 52 773 55 208 226 372 144 1069 146 377 254 897 887
229 953 572 263 316 82 1015
578 132 1020 596 334
599 1045
259 426 108 185 1072 21
579 599 1045 911 21
105 991 992 246 29 230 674 768 602 1071 1016 18 753
309 821 724 57 394 613 522 543
29 377 254
343 177 584 44 388
966 141 231
578 402 1004 886 211
352 879 744 911
132 53 817 1047 556
213 1065 402 341 489 410 506
45 197 551
105 100
132 596 911
359 315 354 666
749 900 698 440 287
495 966 599 545 402 736 293 129 410
599 440 354 117 158
698 970 1016 522 541
794 796 991 504 402 7 730 766 966 802 599 602 199 410 186 556
794 773 53 1037 992 19 884
756 360 402 798 25 476 496 459 1013 79 860 690 891 535
961 470 73 139 509 701 485 81 882 48 1072 332 188 150 556 620 491 679 595 495 1045 628 31 352 663 863 299 103 1093 539 1051
966 817 199 771
686 57 395
760 226
495 326 1051
578 794 773 796
946 364 493 589 1083 117 200
961 679 293 595 1011 855 672 477 527 481 328 253 332
673 1081
966 794 973 155 481 817 48 566 244
229 402 241 410 188 200 886
599 1045 782 595
756 766 937 509 372 180 278 1064 429 352 576 232 303 253 304 255
229 724 410 566 433
535 303
679 698 903 146 433
983 324 21
105 816 190
229 172
239 983
237 1006 464
229 983 911
573 911
477 29 595 404
966 117
709 57 1016 83
757 674 1066
758 934 903 951 671
966 637 57 433 556
402 410
983 410 886
312 740 402 172 385 911 117
966 107 400 25 986
471 819 682 21
686 688
195 879 198 837 377 986
879 207
758 900 504 522
229 402 410
545 378 708
578 79
849 518 229 482 324 282 283 287
496 152
585 686
402 117 396
312 338 637 760 724 340 798 25 671 966 457 1013 891 1006 282 591
563 805 633
343 599 359
768 402
585 686
686 360 628 417 103 139
578 579 146
459 968 355
229 960 156 31 18 1016 964 633 335 371 557
68 451
674 146 25
402 410 433
679 698 146
758 900 402 954 117 433 671
599 402 698 117
229 1013 891 1061 208
855 212 57 1078
45 229 395 410 920 886
773 758 960 292 951 343 966 599 29 715 1045 196 863 771 433
73 103
402 410
757 312 25 208
402 410
782 911 1017
470 954
229 1006
402 410 117
223 83
239 402 57
11 841 794 966 829 29 545 79 796 299
489 566 433
673 757 589
1063 477 496 357 459 690 57 33
599 107 182 199 682 911
199 682 911
760 117
599 900 879 199 207 10
1013 573
229 208
599 749 863 199 522
755 1008 657 1055 900 562 471 728 648 474 671 296 266 599 229 768 860 574 394 199 379 188 772
582 653
966 29 229 749 863 911
522 541
199 522
402 410 1047 493 117
315 489
182 362 394 130
960 679 961 332
579 855 260 931 18 938
686 364 335 371
248 268
578 1045 436 595 21
29 863
477 961
961 882 332
360 223 954 365 464
362 23 433
229 1013
724 911
495 954 365 474
477 737 494
95 351 134 808 958 911 188 694
740 589
436 911 433
95 860
578 476 946 129 650 410
966 29 214 863 317
476 152 479 900
731 151
22 495 966 29 599 817 1066 352 587 199
65 9
29 402 268 671
599 199
1012 911
343 440 864 199
477 599 440
756 975 261 1055 314 680 112 978 684 746 672 966 512 302 253 589 786 303 554 304 500 433
911 21
952 798 1047
213 229 215 482 485 208 886
911 117
45 1013 982 1066
357 1066 587 25 788 566 555 475 502
92 990 123 817 245 495 802 701 687 64 443 431 1016
579 900 263 147 395
568 922 758 201 156 680 891 376 950
47 561 109 1060 32 430 590
239 471 316 800 998 648 243 474 600 628 459 769 969 395 117 150
856 462 761 976 147 538 209
1018 544 679 443 184 332
1027 37
578 657 169 155 991 361 875 835 582 404 949 495 602 279 270 412 883 705 653 272
578 1090 1083
266 188
871 443
928 503 758 361 759 875 836 837 365 111 968 805 322 487 909 146 677 553 590 706 379 678 813 913 415 90 1034 817 125 420 93 423 777 28 424 747 922 195 784 270 233 691 789 635
578 930 147 661 117 188
35 337 1068 126 187
173 375 207 366 104
967 1041
756 898 312 469 833 874 208 177 476 141 616 876 250 322 1068 280 410 706 255 258 189 90 625 270 927 163 895 604
966 144 3 433
756 672 253
833 410
793 87 429 19 950
229 402 410 9
434 191 1035 193 463
1053 35 36 994 725 404 582 112 802 484 16 1067 325 909 810 252 282 884 187 913 259 815 657 122 776 519 742 54 223 680 126 523 853 127 97 1088 270 924 575 534 233 894 307
579 45 29
723 489
756 465 1059 207 367 111 175 840 672 477 1002 16 254 887 337 1076 522 494 62 599 100 1045 860 923 897
457 490 1 134 365
793 769 954 1093
280 18
229 239 1058 57 718 421 790
373 780 213 156 383 263 146 524 964
848 241
29 923 524
723 740
1073 164 526
983 433
46 390 15
260 1055 1060 218
476 848 544 229 900 546 953 438 743 986
1018 670
495 212
679 332
373 121 197 240 223 880 165
1055 994 1046
457 1 711
476 152 479 900
477 599 440
756 975 261 1055 314 680 112 978 684 746 672 966 512 302 253 589 786 303 554 304 500 433
11 841 794 966 829 29 545 79 796 299
673 757 589
199 682 911
471 819 682 21
132 53 817 1047 556
1013 573
495 966 599 545 402 736 293 129 410
248 268
495 326 1051
578 1045 436 595 21
29 863
966 794 973 155 481 817 48 566 244
229 1013
563 805 633
343 599 359
966 29 214 863 317
357 1066 587 25 788 566 555 475 502
731 151
343 440 864 199
22 495 966 29 599 817 1066 352 587 199
1063 477 496 357 459 690 57 33
599 107 182 199 682 911
578 402 1004 886 211
213 1065 402 341 489 410 506
45 197 551
105 100
132 596 911
229 208
599 749 863 199 522
582 653
966 29 229 749 863 911
522 541
199 522
402 410 1047 493 117
182 362 394 130
545 378 708
960 679 961 332
578 79
686 364 335 371
961 882 332
961 679 293 595 1011 855 672 477 527 481 328 253 332
362 23 433
849 518 229 482 324 282 283 287
585 686
673 1081
724 911
599 1045 782 595
756 766 937 509 372 180 278 1064 429 352 576 232 303 253 304 255
578 579 146
459 968 355
229 960 156 31 18 1016 964 633 335 371 557
68 451
674 146 25
402 410 433
679 698 146
229 724 410 566 433
535 303
758 900 402 954 117 433 671
983 324 21
105 816 190
757 312 25 208
477 29 595 404
966 117
470 954
983 410 886
312 740 402 172 385 911 117
489 566 433
966 107 400 25 986
686 688
352 879 744 911
760 117
879 207
599 900 879 199 207 10
758 900 504 522
755 1008 657 1055 900 562 471 728 648 474 671 296 266 599 229 768 860 574 394 199 379 188 772
360 223 954 365 464
496 152
402 117 396
229 402 241 410 188 200 886
768 402
599 402 698 117
679 698 903 146 433
402 410
237 1006 464
229 983 911
573 911
402 410
782 911 1017
758 934 903 951 671
966 637 57 433 556
402 410
223 83
239 402 57
195 879 198 837 377 986
698 970 1016 522 541
756 360 402 798 25 476 496 459 1013 79 860 690 891 535
961 470 73 139 509 701 485 81 882 48 1072 332 188 150 556 620 491 679 595 495 1045 628 31 352 663 863 299 103 1093 539 1051
760 226
312 338 637 760 724 340 798 25 671 966 457 1013 891 1006 282 591
686 360 628 417 103 139
229 1013 891 1061 208
855 212 57 1078
773 758 960 292 951 343 966 599 29 715 1045 196 863 771 433
73 103
229 172
239 983
709 57 1016 83
757 674 1066
229 1006
402 410 117
229 402 410
359 315 354 666
749 900 698 440 287
599 440 354 117 158
794 796 991 504 402 7 730 766 966 802 599 602 199 410 186 556
794 773 53 1037 992 19 884
315 489
966 817 199 771
686 57 395
579 855 260 931 18 938
477 961
578 794 773 796
946 364 493 589 1083 117 200
585 686
45 229 395 410 920 886
953 582
229 953 1064 565 987 682 208
802 917 494 149 27 9 1033
1006 158
617 117 474
1066 1015
400 629
855 481 144 182 316 188
92 990 123 817 245 495 802 701 687 64 443 431 1016
208 670 41 188
568 922 758 201 156 680 891 376 950
47 561 109 1060 32 430 590
856 462 761 976 147 538 209
1018 544 679 443 184 332
578 657 169 155 991 361 875 835 582 404 949 495 602 279 270 412 883 705 653 272
928 503 758 361 759 875 836 837 365 111 968 805 322 487 909 146 677 553 590 706 379 678 813 913 415 90 1034 817 125 420 93 423 777 28 424 747 922 195 784 270 233 691 789 635
173 375 207 366 104
326 18 1094
827 236 132 35 991 933 935 840 40 114 967 443 1068 1003 806 17 651 149 187 516 972 1041 498 346 297 392 230 461 602 630 823 866 826
343 144 363
239 471 316 800 998 648 243 474 600 628 459 769 969 395 117 150
266 188
871 443
578 930 147 661 117 188
35 337 1068 126 187
775 531 74 1015
44 183
848 241
749 229 426 953 402 718 410 208 117 41 839
985 950
436 776 1076 1059 318 897 766
740 1021 587
821 867
79 50 9
848 105 266 496 132 195 203 316 596 1071
263 395
373 626 427 880 717 954 207 148 910 285
259 599 742 972
29 923 524
29 769
82 414
827 640
609 148
1013 900 268 743 488 955 364 582
477 900 519 440 730 554
559 610 3
756 672 146
263 771
967 953 485 880 283
29 321 439 1090 208
794 773 627 958
559 426
1019 883 175 950
496 229 900 953 208
229 953 572 263 316 82 1015
578 132 1020 596 334
675 108
636 105 2 439 316 369 371 671 343 44 266 768 1000 891
259 773 617 743 280 554 433
259 426 108 185 1072 21
105 991 992 246 29 230 674 768 602 1071 1016 18 753
1006 208
309 821 724 57 394 613 522 543
178 773 44 29 231 561 420 919 706 937
1081 410 566
509 855 459 690 433
259 453 108 3 134 57 440 365 839 457 213 1066 942 880 891 954 969 147 911
29 674
966 433
372 29 599 358 1045 36 349 641 1010 595 1015
773 794 796
584 664 968 1087 777
87 504 954 146 60 10 950
617 489 117
229 833
152 85
1040 1042 507
509 427 955 671
266 229
395 117
620 900 593 172 340 819 596 158 496 97 923 1006 253 412 1033
983 845
1001 255 140
966 100
1055 796 724 954 661
879 207
848 400 53 629 833 488 185 440 26 1016 788 1093
397 52 773 55 208 226 372 144 1069 146 377 254 897 887
343 410
338 489
599 1045
617 117
617 117
794 773 535 118
756 236 364 369 371 476 672 966 45 970 253 589 554 773 261 453 817 223 680 524 157 29 599 197 1013 576 1016 166 433
1092 117
397 266 695 156 725 891 226
579 599 1045 911 21
617 144 917 911 226
29 377 254
578 966 599
805 678
756 636 343 794 52 278 889 868 542
343 177 584 44 388
47 900 37 282
966 141 231
966 815 384 548 1083 964
599 562
426 172
461 275
402 364 671
212 17 19 653
499 931 1011 771 117
966 212 758 903 934 653 951
698 522 541
749 229 900 698 440 287
579 899 156 595 211 950 966 701 479 79 860 182 409 198 489 146 1016 1093 21 847
1008 815 260 758 261 795 642 384 74 904 999 370 802 265 731 940 891 704 151 234
579 899 362 275 437 698 5 134 73 207 364 367 208 371 966 967 278 443 511 650 146 18 283 771 448 517 287 709 87 658 451 593 385 23 977 25 1041 524 226 597 980 29 229 782 31 1046 1047 103 538 542 464 397 312 172 317 800 672 804 45 674 550 1066 736 879 489 1006 410 50 1072 116 555 556 259 620 52 817 560 562 1078 1011 1081 566 567 128 343 569 749 197 1013 573 352 433
698 207 146
273 620 749 983 481 242 208 21
260 900 402 954 117
260 900 728
402 410
966 229 760 402 573 535 410
578 273 229 481 299 595 117
585 686
879 207
673 481 1013 968 395
229 156 31 18 964
479 900 679 954 146 253
758 900 402 129 73 117
579 312 637 402 134 207 208 966 674 967 879 511 410 146 17 18 1072 116 556 52 451 817 1078 977 1041 229 863
261 1011 863 199 554
266 954
45 312 402 874 117 517
216 157
402 38 226 474 266 749 550 410 199 148 911 117 772
68 312 899 360 798 25 672 1013 79 860 535 162 911
578 402 410
477 829 180 736 23 139
831 512 500 186
733 976
100 560 205 788
1013 364
44 960 836
266 424
402 410
898 852 215
147 625
582 210
794 796
756 898 312 358 400 900 469 402 833 874 763 837 367 208 509 77 177 247 442 482 617 443 511 322 1068 410 147 1071 706 255 448 258 87 90 1010 57 497 601 750 394 270 603 304 163 895 927 500 1050
52 942 511 438 57 207 146 986 897
402 410 699
402 410
402 3 82 445
794 544 175 950 805 146 986 1016 1071 786 590 678 1094
88 91 315 134 342 62 266 213 511 82 789 254 256 1094
476 917 1040
758 66 903
578 476 212 132 504 134 596 691 1047 522 175 1093
239 197 886
1012 1085 930 147 958 1094 188
152 85
230 991 504 602 522 590
132 758 400 796 315 933 935 645 175 936 1064 181 81 488 185 409 84 773 948 918 26 1043 951 630 429 955 692 634 131
179 701 435 782 1036 1040 421 790 117
995 58 7 186
856 117 541
780 763
889 633 255
756 452 253 910 424
259 1085 246 443 690 5 763 147 162
236 35 907 998 187 801
77 452 1064 440 583
858 1018 815 628 742 616 420 1089 647 539 189
496 443 690 511 5 299 538 910
229 775 147 920
857 859 832 317 801
229 443 162
756 35 187
756 608 1075 263 59 8 522 623 194 855 570 143 481 586 164
171 905
105 544 900 946 402 524 229 1003 410 147 651 253 334
147 691 422
946 285
578 108
815 608 201 400 889 891 270 969 285 542
132 511 819 596 920 604 334 424
105 773 132 796 817 56 342 1085 443 969 576 330 788
180 1055 602 691 253 654 175 766
617 224 976
289 91 768 147
476 953 489
544 280
1007 259 276
440 671
132 100 896 334
715 1094
402 117
923 1094
769 878 944
466 435 1036 1040 445 825
149 117 295
259 815 201 633 720
132 596
541 86
212 230 991 602
997 971
891 354
449 437
617 117
900 682 1051
114 960 688 768 630 643 882
953 833 718 208
56 117
402 1040 410 117
855 578 780 213 486 667
253 670
152 132 376 85 753
758 990 123 4 918
928 34 758 311 990 37 1022 71 4 799 727 932 243 40 584 180 149 51 87 656 260 261 123 53 680 918 745 522 777 388 951 267 392 664 1087 985 788 501 866 1050
982 315 198
1063 656 990 123 4 934 951
656 990 123 4 206
222 1076
768 969 699
946 604
457 175 839 950
509 1027 965 87 230 602 932 175
579 794
857 490 261 392 161 575 327 355 746 921
656 52 961 1068 958 683 951
497 253
758 239 137 625 856 780 496 459 953 690 984 631 897
856 855 816 1036 725 158
793 627 702 384 1079 147 164 625
848 919 937
312 880 117
465 315
579 773 794 52 361 954 969
212 254 607
435 428 1036 108 438 511 954 596 969 117 209
35 193 1019 891 332 812 684
656 990 123 274 55 4 696 293 6 948 933 629 65 279 300 1071 986 1016 720
828 312
52 241 55 612 207 672 212 266 628 65 198 147 254
579 900 263 147
1076 1011 125 557
298 628 277 295
1085 986
326 48
953 208
544 1013 880 761 318 949
35 180 759 205 207 164 678
1007 490 695 991 805 891 355 590 175
758 918 969 146 883
1085 132 147 886
714 1001 489 1047 117 886
495 961 611 326 683
841 833 207 188 1094 897
770 839
916 1003 1094
891 964
201 946 891
961 635
495 372 326 958 765
312 155
758 239 241 137 625 389 856 496 780 459 690 984 631 897
756 842 893 1072 607
496 687 1014 484 276 680 352 612 440 603 500
595 1003 729 333
35 749 1068 840
968 205 206 440 607
889 315 1040 117 790
620 35 544 1055 205 1068 819 295
398 298 1094
743 650 41
568 758 156 395 294 117 200
229 395
1027 407 53
57 280 976 188
380 625
229 889 880 276
560 175 557 950
900 123 990 4 57 958
478 948 933 936
1056 625
578 1083
35 180 759 207 164 678
656 758 990 123 560 205 918 596 903 524 949 951 298
767 480 1055 58 943 7 612 186 649 541 792 606
758 934
775 800 1083 788
44 569 641 422
191 18 332
177 476 141 358 479 889 250 322 663 813 1094 258
490 30 374 219 332
14 860 494
35 990 991 207 934 367 645 138 175 840 905 937 1027 44 484 586 322 590 553 255 654 516 490 1076 1075 680 524 950 715 889 602 630 1047 866 897
758 81 270
496 373 459 690
12 497 853
86 951
892 86
476 105 312 769 145 57 334
716 700
216 560 1079
960 1076 1059 1011 706 765 255 813 10
672 758 612 934
1063 299
259 1075 511 918 541
105 758 481 472 124 147 746
222 91 467 638 1036 759 833 125 730 422 838 405 1085 569 732 320 662 350 147 557
988 82 753
380 685 849 503 183 74 277 1073 625 667
52 496 934
569 53 1001 147
756 1055 360 452 698 135 137 675 630 352 16 1068 254 607 897
87 230 991 64 504 602 487 932 367 251 522 28
590 937
713 758 687 64 206 440 355
239 743
773 180 590 937
490 711 365 897
578 77 773
77 497 266
1027 497 494
490 222 1055 889 443 557
205 253 342 635 164 840
856 855 1036 725 325 538 158
495 152 418 174 85 1051
259 780 213 100 202 953 976 824 631 421 147
476 767 775 679 961 332 746
1085 239 435 546 953 1036 462 1040
213 588 670
201 695 1094
756 773 641 454 342 516
238 758 703 951 10
1055 968 206 440 603 986 964 840
1007 490 570 982 253 377 254 706 936
856 756 496 695 459 468 690 364
266 229 953 617 263 665 162 886
477 322 1011 706 258
775 1010 134 395 264 207 985 1050
52 656 35 1068 958
842 299 440
298 277 539 295
528 374
435 428 1036 108 182 438 511 954 969 596 117 209
675 969 986 553
479 511 985 175 950
479 511 985 175 950
788 884
105 545 994 761 840
698 799 134 744 207 365 921 1068 327 431 253 254 897
579 756 1054 169 758 610 1059 934 10 1063 247 701 142 407 248 443 183 147 280 17 253 284 814 773 524 778 951 97 663 268 691 957
579 773 900 768 147
1019 146 207 175 950
579 697 277 136 583 9 15 844 17 147 589 707 287 846 848 452 156 24 294 854 715 601 299 162 869 312 169 872 612 614 178 45 617 1001 878 332 188 51 888 745 493 343 345 749 350 758 900 1020 760 1023 1024 1025 903 209 370 509 1028 513 218 910 88 775 383 384 660 525 526 394 923 395 1049 540 791 1052 237 108 1057 402 930 931 670 801 802 550 551 410 253 1073 117 260 415 261 946 1075 1079 266 952 1085 1090
51 337 311 260 37 71 888 612 745 77 497 442 691 603 1094
476 917
578 910 1083
212 1056 1015 577
410 886
180 1055 602 691 253 654 175 766
259 1078 699
817 590 654
47 213 560 930 443 250 258
180 146
339 359 134 835 354
773 261 796 156 888 367 522 1027 495 230 843 909 326 913
544 362 315 797 962 935 139 936 590 120 1007 850 381 560 1075 948 494 625 951 628 782 860 630 1047 1048 539 1094 607
842 319
443 256 245
105 620 52 35 544 596 840 509 891 954 1068 986 1071
918 730
1020 340
497 395
402 18
529 773 90 889 250 255
380 1034 976
343 900 775 603 541
270 50
941 49
73 294
848 273 780 152 749 984 631
466 1009 1036 402 1040 825
748 329
539 150
495 802 875 711 633
52 311 449 1086 440 146 926 615 189
1020 108 223 886
773 794 929 718 825 945
748 1074 925
410 790 150
495 595
457 1 711
369 1051
756 495 476 16 326 1092 897
108 474 188
108 223 886
817 294
821 867
406 360 1066 116 448
265 780 213 402 172 74
394 845 958 448
742 872 891
1052 237 426 551 944 998
229 900 360 108 146 582 554 117 541
321 439 1090 208
599 1045
848 105 818 833 547 730 648 372 44 923 927 553 772
372 848 44 818 833 547 923 730 927 910 553
966 794 773
599 1045 426 1059 21
599 1045
805 678
966 116
966 364
477 599
584 664
705 378
1063 829 627 512 440 489 146 1047 1089
966 433
966 433
599 121 278 1064 1056 199 1016 589 661 433
599 199
620 599 1064 504 819 199 522 589 433
578 273 695 360 1020 760 761 364 647 208 648 764 1026 139 210 213 768 511 81 82 280 18 911 653 772 84 849 773 657 518 852 595 917 227 855 780 229 782 863 299 395 987 986 788 539 1051 396 794 107 239 796 1058 872 241 471 725 730 474 476 477 45 479 248 481 550 1066 326 48 489 1071 117 188 259 946 742 340 263 1078 565 566 682 266 749 1013 953 268 573 891 200
773 749 911
196 562 698 1011 1094
960 675 250 663 730 186 543
794 627 1080 1032
682 911 777 258
698 207
457 236 134 698 365 19 921 1033
768 9 188
357 170 229
259 364
95 212 440
1080 1032
966 29 663 631
966 29 775 663 631 1083
620 966 290 1055 751 954 698 207 27
560 340 1060 919 404 647 777 937 784 618 968 664 1087 863 394 590 706 635 117 678
457 1019 134 698 505 365 207 684
773 1013 796
625 424
707 625
617 583
343 363
339 359 134 835 354 666
596 753
643 166
816 262
343 494
343 900 775 603 541
270 50
941 49
73 294
848 273 780 152 749 984 631
466 1009 1036 402 1040 825
748 329
539 150
495 802 875 711 633
52 311 449 1086 440 146 926 615 189
1020 108 223 886
773 794 929 718 825 945
748 1074 925
410 790 150
495 595
457 1 711
369 1051
756 495 476 16 326 1092 897
108 474 188
108 223 886
817 294
821 867
406 360 1066 116 448
265 780 213 402 172 74
394 845 958 448
742 872 891
1052 237 426 551 944 998
229 900 360 108 146 582 554 117 541
321 439 1090 208
599 1045
848 105 818 833 547 730 648 372 44 923 927 553 772
372 848 44 818 833 547 923 730 927 910 553
966 794 773
599 1045 426 1059 21
599 1045
805 678
966 116
966 364
477 599
584 664
705 378
1063 829 627 512 440 489 146 1047 1089
966 433
966 433
599 121 278 1064 1056 199 1016 589 661 433
599 199
620 599 1064 504 819 199 522 589 433
578 273 695 360 1020 760 761 364 647 208 648 764 1026 139 210 213 768 511 81 82 280 18 911 653 772 84 849 773 657 518 852 595 917 227 855 780 229 782 863 299 395 987 986 788 539 1051 396 794 107 239 796 1058 872 241 471 725 730 474 476 477 45 479 248 481 550 1066 326 48 489 1071 117 188 259 946 742 340 263 1078 565 566 682 266 749 1013 953 268 573 891 200
773 749 911
196 562 698 1011 1094
960 675 250 663 730 186 543
794 627 1080 1032
682 911 777 258
698 207
457 236 134 698 365 19 921 1033
768 9 188
357 170 229
259 364
95 212 440
1080 1032
966 29 663 631
966 29 775 663 631 1083
620 966 290 1055 751 954 698 207 27
560 340 1060 919 404 647 777 937 784 618 968 664 1087 863 394 590 706 635 117 678
457 1019 134 698 505 365 207 684
259 11 841 794 966 829 29 545 79 796 299
289 52 655 1081 364 647 957
879 207
682 911
144 395
229 631
578 966 132 312 229 410 25
749 229 900 698 440 287
237 947 775 788
793 695 831 761 725 698 440 506 244 139 671 766 736 844 881 489 284 1035 742 680 595 57 950 229 628 33 865 752 957 463 1093 539
1020 340
435 428 1036 108 182 438 511 954 969 596 117 209
675 969 986 553
529 773 90 889 250 255
380 1034 976
842 319
479 511 985 175 950
479 511 985 175 950
788 884
105 545 994 761 840
698 799 134 744 207 365 921 1068 327 431 253 254 897
579 756 1054 169 758 610 1059 934 10 1063 247 701 142 407 248 443 183 147 280 17 253 284 814 773 524 778 951 97 663 268 691 957
579 773 900 768 147
1019 146 207 175 950
236 132 935 1043 114 461 630 1003 651 17 692 972 826
2 1038 622
755 260
918 730
784 805 919 654 937
339 359 134 354
768 395 920
1019 832 1005 134 206 1070 354 207 286 684 387
748 214 402 410 304
477 817 489 410
717 330
70 969
1045 798 1011 127 433 887
631 410
458 679
213 628 31 647 139 539
208 847
45 410
709 578 768 172 402 410
660 410
195 180 758 402 410
434 863 1091
1078 117
273 829
451 628 831 351 696 328 1041
263 1047
298 277 539 295
236 700 625 766 77 767 442 716 268 891 691 251 788 554 792
435 1036 1040 445 825 137
435 1036 1040 825 137
768 953 482
660 671
499 546 611 577 188
768 402 834
657 340
758 1016 148 40
742 395 410
278 429
855 657 360 900 223 1066 353 440
578 617 117
229 723 953
578 773 674 365
756 709 858 1018 132 426 1000 144 439 1090 911
229 679 595 439 199 911
879 134 207 377 41 886
310 899 195 203 1026 619
966 29 900 617 961 223 698
775 241 433
146 886
780 129 147 103 764 117 464
891 566 113 128
780 1013 53 565 395 208
773 698 199 921 1051
343 828 636 44 29 362 698 377
477 858 773 794 1045 92 1047
229 402
31 188
402 565 911
804 864 771
105 815 794 723 901 742 156 796 992 476 45 479 197 278 248 1064 182 429 268 969 18 116 553 558
900 385
476 44 280 303 304 10
858 620 426 946 617 364 1081 60 1090 554
129 1026 475
310 984
599 695 1045 863 891 682
343 117
495 773 1001 663 299 440 1026 555 285 188 389 1051
426 566
722 236 400 315 710 440 26 566 569 768 750 48 17 1092 446 555
360 1078 513 863 1083 117 433
973 29 513 331 84
338 117
773 1013 582
1018 1066 1079 512 316 704 234
477 29
695 382 872 172 440 565 1062 47 180 29 426 1013 353 1015 117
60 590 255 615
195 340 522 117
732 40
841 555
1045 682
29 599 1045
312 395 1092 1033 158
29 1081
584 664 968 1087 423 777
701 953 139 84
900 53 199 1006 117
966 426 1056 970 111 554
966 29 863 433
400 1016
966 364
344 347
105 410
82 308
105 796
578 29 595 489
439 199 21
966 433
124 494 226
180 504 766
426 64 411 1016
495 608 686 960 481 1076
477 1011 23 556
343 599 1037 23
241 148 150 886
402 117
260 900 402 117
966 794 312 637 900 911 555
749 1045 402 57 23 148 208 117 1092 150 1033
757 983 1006
237 900 402 117 886
740 402 172 385 977 496 459 215 953 690 410 911 21
817 954 146
773 52 201 55 863
621 53 1083 1026 175 950 476 599 1045 805 352 576 330 541 847
579 263
22 578 481 41
852 485
672 207
579 495 52 291 749 100 768 817 560 555 336
41 886
674 686
879 57 440 969 644 207 332
177 141
757 496
578 117
879 207
478 953 31 402 410
402 223 117 433
758 724 954 146 903 566
966 433
900 402 129 117
477 966 585 686 560 33 433
983 410
1045 384 863 199 117
639 737 864 957
471 648 788 474
476 780 701 1013 984 911 21
579 966 32 1060 420 633 556
672 229 436 535 410 771 752 886
852 983
141 451 1066 1011 354 117 542 556
578 263
599 229 402 146 903 117
966 1045 863 433
673 481 1013 968 395 886 557
966 663 21
584 773 340 736 968 664 879 1011 377 524
579 724 961
476 495 674 983 402 326 117 671
579 756 394
152 900 55 489 146 18 85
578 450 879 698 134 207 412 377 708
966 674 911 433 886
1008 450 261 172 419 362 471 680 595 43 343 296 267 686 953 443 618 299 269 17 18 19 303 788
11 268
229 983 203 57
229 402 698 410 94 671
215 223 698
794 68 983 208
954 717
457 879 698 207 365 377
756 579 578 491 68 169 155 451 470 477 326 253 1072
312 724 223 725 1081 139 212 98 1013 628 80 572 954 891 117
1092 920 226
479 900 679 954 146 253
259 966
889 489 911
674 686
980 92 686 749 359 679 961 953 354 977 332 927
229 674
402 410
578 744 207 542
966 686 394 589
29 1013 589
196 499 931 1011 771 117
578 782 628 82 139 117
560 553 678
496 482 241 647 682 464 886
477 1011
477 599 1045 199
579 457 802 602 365 746
815 674 891 410
946 82
481 736 1078 33 863 535 7 771
757 966 595
578 1013 768 117 541
229 749 402 410 1081 253 117
673 676
599 817 837
970 456
761 725 1011 326
841 289 52 900 610 1081 957
226 117
179 686
585 686
399 658 451 593 242 650 129 18
229 740 31 572
578 709 312 132 229 740 410 364 911
1011 863 199 18 554
69 360 954 977 1072 1093 653 235 42
582 210
966 338 402 551 440 410 199 20 220
917 489 1081
628 139
495 212 179 655 942 954 326 146
312 107 782 65 800 18 538 986
223 514 523 788 305
402 395
756 960 637 340 1078 25 780 266 179 599 29 782 541 448 556
1059 698 522 541
578 855 229 460 1001 263 299 595 1081 396
495 279 326
1063 572 582 589
495 229 768 108 595 271 146 538
1016 188
858 1011 589
273 657 402 385 524 139 226
402 410
749 229
849 709 852 740 775 223 385 749 983 953 485 717 486 410 970 589 911 117 502 464
476 496 152 749 1058 129
661 541
756 724
29 817
959 599 863
900 117 41
768 395
402 440 38 1041 966 29 229 749 278 967 736 129 199 410 147 116 188 433
402 38 226 474 266 749 550 410 199 148 911 117 772
402 410
579 773 758 775 817 241 402 57 208 494 371 476 966 477 29 599 229
229 817 402 698 73 146
229 817 402 954 146
763 147
961 332 683
263 1039 42
249 691
471 375 147 772
773 620 628 242 650 129 147 539 1094
747 757 358 586 232 175 633 950
134 365
399 760
52 443 135 552 525 920 85
740 743
398 760 277
509 481
476 65
229 760 1090
316 582 625
203 395 117
695 268 506
953 226
742 941 643 761 1071 986 369
1028 625
273 97
266 966 229 1013 364
774 207 254
578 756 544 400 468 546 522 509 954 785 146 1016 986 117
579 946 53 48 147 1090 683 897
312 617 402 364 117 9 188
578 766
35 946 1070 207
590 654
628 139 539
44 357 197 520 301 985 867 719 526
776 379
259 509 44 105 373 768 427 876 595 455 1078 489
1013 889 661
114 443 110 539 139 634
803 742 617 725 761 643 208 117
266 188
108 800 117
1001 1068
626 426 263 669 147 209
207 897
701 239 73 410 103 41 886
52 794 626 929 994 55 135 48 137 772 1051
794 143 944 208 255
802 711 633
259 1047
657 653
160 513 377 720 921
175 950
312 79
756 509 44 769 16 253 50 389
1001 680 888 280 421 200
471 368 648 243 764 139 474 783 428 628 459 1016 1071 986 539 117 84 668
1054 859 561 32 430 835 508 937
231 224 667
578 239 229 782 628 241 208 539 139
946 276
1007 144 276 48 224 366 589 524 964 334
698 134 327 207 254 897
266 188
373 629 930 986 1071
1007 343 794 449 735 889 255
578 91 871 594 570 628 443 629 511 352 986 539 607
92 871 843 1078 763 576 976 147 1047 245 128
695 891
856 628 891 137 957
544 315 362 761 962 935 645 139 936 331 590 120 1007 850 381 560 1075 948 494 625 951 298 628 782 860 630 891 270 1047 431 1048 163 539 1094 607
402 410 1094
528 693
856 462 761 147 538 209
442 1075
298 871 969 1047 162 633 920
743 326 845 1016 139 539
1064 969 48 976 189
638 659 618 786 303 61 557
91 871 304
105 132 352 489 596 976 117 683
856 773 715 364 280 148 648 541 625
780 213 667
498 346 782 443 996 245 256
147 1094
773 794 1018 338 758 969 147 207 976
57 945
629 1071
239 202 402 833 718 410 976 139 913
965 511 162 986 958
1019 146 207 883 175 950
509 105 400 909 1016
343 1094
266 144 1020
756 773 758 524 10 701 407 248 443 663 17 147 280 253 633
77 509 497
212 689 743 440 996 256 839
244 84 886
994 1050
620 493 524 886
794 346 1010 942 253 304 175
88 91 629 55 440 326 110 26 633 634 541
954 440 395 920 117
45 628 102 293 301 652 139
309 147 540 557
207 147 787 897
929 360 1014 182 691 117
67 817 422
37 71
961 832 394 146
875 146 654 937
410 117
266 229 511 9 117 21
756 132 929 816 360 871 1056 629 438 439 596 552
44 960 726 836
380 578 490 134 207 365 840 897
900 545 524
782 244
959 229 239 749 782 953 1079 283 139
426 548
855 802 87 900 617 769 875 942 146 977 117 766
578 1013 1006
578 343 584 47 593 664 968 522 777 188
966 116
343 773 522
229 107 775 617 402 410 18 117
845 786 624 597
830 883
1052 793 578 105 742 1041 60 615 951 950 406 247 78 967 249 351 551 512
794 773 796 1080 911
756 593 977 1083 244 672 980 499 1090 589 18 541 188 517
213 1006 395 566 886
495 29 863 326 253 671
179 829 702 593 444 512 1079 60 649 432
740 946
457 879 219 207 365 787 104
132 338 239 742 610 241 584 29 78 217 18 957 753 334
599 1045
828 915 687 742 64 682 1049
1089 682 334
139 244
686 426 616 617 351 146 376 1072 413 987 166 371
1063 829 512 489 440 146 1089 1047
620 229 210
95 223 954 149 1051
599 199
55 65
723 617 917 117
828 343 476 841 617 1076 439 819 376 911 255 158
879 207 377
229 1001 241 863 698 410 987 117 200 951
953 617 9
340 911 682
476 599 758 57 489
747 343 496 686 459 554 766
628 647
898 959 338 229 782 223 970
1052 966 773 620 426 900 504 863 819 589
476 819 764
682 911
898 249 414
450 560 724 293 696 798 1078 440 111 426 1064 484 429 322 618 279 412 771 255 813
55 65 280
248 268
578 911
495 69 477 434 1035 844 410 589 788 463
1055 554
215 690 134 744 395 377 886 887
742 977 1081 280 661 117
740 229 760 402 1006 208 911
794 433
796 777
742 188
496 599 459 690
679 332
469 474
496 800 812 190
784 805 919 654 937
82 839
851 1018 236 348 942 1047 146
497 691 603 972 10
773 79
855 578
52 132 229 953 596
259 364
1039 891 420 886
627 246 531 277 364 17 1082 234
578 337 547 383 595 455 509 44 29 511 923 691 788 897
643 369
259 625
354 536
490 207 377
1083 653 945
71 308 448
775 916 306
476 782 250 175 1093 258
457 490 1
495 52 544 468 891 596 326 253 683
457 490 1 365 377
481 1001 57
465 780 984
780 877 206
890 376
1020 139 539
259 626 594 1094 625
132 596 883 253 524 648
481 378
316 625
224 590
756 578 68 202 900 471 136 648 209 9 474 373 769 511 880 146 1071 772 259 620 52 55 455 595 158 496 459 427 690 65 954 395 986 667 1094
95 259 898 229 1036
695 833 725 761 73 699 839 40 373 701 880 891 103 541
207 897
579 471 911 524 648 474
152 906 246
578 616 769 146 414 10
124 911
266 108
827 1068
213 953 833
794 796
718 671
794 773 292 207 146 254
436 484
636 477 168 322 125 111 706 567 255
626 449 79 1055 137 766
578 758 415 436 918 969 671
749 402 410 790
495 595
170 418 521 833 564 718 285
457 365 711 921
202 718 825 208 945
236 758 1036 576 1040 825 304 21
768 641 471 383 576 648 258
929 399 202 580 172 402 833 669 670 839 479 617 878 489 410 376 945 287 152 52 740 55 743 65 718 896 1093
748 215 878 862 363 354 811 281 76 885 257 912
755 154 1008 260 544 900 580 1056 5 134 728 207 197 876 573 299 489 538 501 254 897
177 141 250 258
495 79 499 202 930 878 718 730 208 790 221
476 578 465 900 930 93
773 796 223 1039 146 524 950
82 502
496 459 690 944
402 439 82
410 148 790 150
397 1018 97 345 204
51 179 311 313 217 594 16 126 541
312 900 930 57
756 497 53 440
785 764 227
239 241
57 21
773 59
794 207 254
1085 628 891 969 763 395 539 772
343 1 431
758 594
817 58 596 996 583 937 483 161 48 354 590 553 654 255
1063 471 918 1062 648 474 772
476 65
316 582 625
354 536
695 833 725 761 73 699 839 40 373 701 880 891 103 541
579 946 53 48 147 1090 683 897
578 616 769 146 414 10
44 357 197 520 301 985 867 719 526
776 379
266 188
108 800 117
1083 653 945
71 308 448
780 768
82 839
780 877 206
471 375 147 772
343 496 459 274 690 293 409 932 705 412 950
773 620 628 242 650 129 147 539 1094
337 504 322 16 146 404 255
773 1079 1094
398 760 277
481 378
578 337 547 383 595 455 509 44 29 511 923 691 788 897
579 773 794 261 991 504 15 384 43
87 504 326 932 837 367 522 175 950
229 760 1090
855 974 229 386 225 117 119 113
643 369
203 395 117
259 625
95 259 898 229 1036
742 941 643 761 1071 986 369
207 897
774 207 254
628 139 539
114 443 110 539 139 634
626 426 263 669 147 209
1001 680 888 280 421 200
471 368 648 243 764 139 474 783 428 628 459 1016 1071 986 539 117 84 668
312 900 930 57
1054 859 561 32 430 835 508 937
231 224 667
578 239 229 782 628 241 208 539 139
773 59
698 134 327 207 254 897
373 629 930 986 1071
1085 628 891 969 763 395 539 772
343 1 431
92 871 843 1078 763 576 976 147 1047 245 128
695 891
544 315 362 761 962 935 645 139 936 331 590 120 1007 850 381 560 1075 948 494 625 951 298 628 782 860 630 891 270 1047 431 1048 163 539 1094 607
1064 969 48 976 189
91 871 304
105 132 352 489 596 976 117 683
856 773 715 364 280 148 648 541 625
498 346 782 443 996 245 256
147 1094
578 490 504 762 134 744 207 365 711 522 712 175 671 146
495 954 365 949
402 930 82 117 244
495 734 1045 641 1051
77 509 497
212 689 743 440 996 256 839
620 493 524 886
870 802 409 1047
794 346 1010 942 253 304 175
1046 387 921
442 603 913
1054 132 35 991 1025 612 93 405 424 1063 372 343 732 216 443 602 1068 232 553 256 284 187 516
88 91 629 55 440 326 110 26 633 634 541
954 440 395 920 117
785 764 227
239 241
57 21
1007 343 794 449 735 889 255
578 91 871 594 570 628 443 629 511 352 986 539 607
794 207 254
758 594
402 410 1094
528 693
856 462 761 147 538 209
743 326 845 1016 139 539
780 213 667
773 794 1018 338 758 969 147 207 976
57 945
629 1071
817 58 596 996 583 937 483 161 48 354 590 553 654 255
1063 471 918 1062 648 474 772
117 839 1094
177 250
965 511 162 986 958
578 1052 496 544 57 506 162 772 424
343 1094
266 144 1020
756 773 758 524 10 701 407 248 443 663 17 147 280 253 633
426 596 753
851 1018 236 348 942 1047 146
763 147
263 1039 42
249 691
134 219 327 207 365 711 787
890 376
1008 86
747 757 358 586 232 175 633 950
1012 108 410 188
134 365
52 443 135 552 525 920 85
579 465 578 643 1038 596 531 443 185 955 17 376 1030
52 132 229 953 596
259 364
1039 891 420 886
509 481
627 246 531 277 364 17 1082 234
756 578 68 202 900 471 136 648 209 9 474 373 769 511 880 146 1071 772 259 620 52 55 455 595 158 496 459 427 690 65 954 395 986 667 1094
953 226
578 756 544 400 468 546 522 509 954 785 146 1016 986 117
124 911
266 108
590 654
259 509 44 105 373 768 427 876 595 455 1078 489
701 239 73 410 103 41 886
457 490 1 365 377
175 950
312 79
756 509 44 769 16 253 50 389
465 780 984
794 796
718 671
794 773 292 207 146 254
748 215 878 862 363 354 811 281 76 885 257 912
410 148 790 150
51 179 311 313 217 594 16 126 541
259 1047
657 653
457 490 1
481 1001 57
773 796 223 1039 146 524 950
236 758 1036 576 1040 825 304 21
636 477 168 322 125 111 706 567 255
768 641 471 383 576 648 258
929 399 202 580 172 402 833 669 670 839 479 617 878 489 410 376 945 287 152 52 740 55 743 65 718 896 1093
397 1018 97 345 204
755 154 1008 260 544 900 580 1056 5 134 728 207 197 876 573 299 489 538 501 254 897
495 595
177 141 250 258
495 79 499 202 930 878 718 730 208 790 221
672 259 625
207 146 691
312 427 753
984 395 920
849 852 1036 1058 825 208
2 1038 622 18
756 266 489 707
946 743 763 665
315 469 3 891 533 763 944 537 896 85 839
679 332
679 332
469 474
496 800 812 190
784 805 919 654 937
1075 323 268 117
89 559 410
578 44 617 340 323 761 57 489 926 825
768 873 1022 294
477 141 817 663 567 258
132 596 883 253 524 648
316 625
224 590
695 268 506
1028 625
273 97
266 966 229 1013 364
312 617 402 364 117 9 188
152 906 246
578 766
35 946 1070 207
1013 889 661
803 742 617 725 761 643 208 117
1001 1068
207 897
213 953 833
775 916 306
476 782 250 175 1093 258
490 207 377
579 471 911 524 648 474
827 1068
52 794 626 929 994 55 135 48 137 772 1051
802 711 633
436 484
762 744 711 921
841 768 718 208
1084 392 717 809 330 648 474 40 1051
817 268 576 207 421 790 897
854 586 1016 649
407 878 224 294 221 605
900 1075 280
465 841 108 595 911
616 326
599 608 278 775 908
551 822 414
1035 715 193 844 328 75 705 884
490 381 590 555 118 654 635 21
380 578 490 134 207 365 840 897
580 223 797 888 595 439 729 44 278 876 429 16 18 377 911
782 340 294
1077 649
117 9
595 147
23 422
273 229 239 241 294
760 116
402 410
1016 1071
579 90 109 911
343 815 524
794 364 371
106 953 299 836
742 891
265 780 213 402 172 74
259 273
207 911
635 678
236 782 146 1090
1018 29 459 471 648 474 779
917 117 150
756 476 16 135 137 1092 897
490 134
794 44 845 494 567
490 794 996 175 180 346 498 782 982 198 377 253 254
259 13 237 616 361 271 421 790
29 561
898 591
132 608 724 383 596 207 100 879 280 254 896 334 753
832 730 1016
259 817
578 711 921
578 44 82
857 359 429 299 489 208 139 463 886
192 769
343 360
496 775 944 648 117 671 43 356
578 489
239 953 244
578 579 544 768 941 500 304
312 900 760 263 671
749 941 402 970 432 958
970 253 911
273 263 299 542
117 772
426 886
96 636 44 982 207 422 867 208 447
579 477 260 782 573 882 933
358 1010 551 454 985 175 1050 950
406 504 522
794 496 57 148
1066 502
105 47 358 216 1011 185 913
578 481 3 200
953 208
52 273
858 641 117
229 953 268 698 1040 410 207 522
827 1046 840
141 250 919 590 654 678 258
627 449 142 688 641 817 393 818 910 554 371
440 117
416 832 911
213 953 402 410 395
212 249 409
495 373 426 439
242 139
266 459
309 236 1045 553 188 542
523 582
239 953
889 322 1011 554 255 813
1045 682 910
749 229
794 773 953 817 590
740 439
578 357 391 761 1016 21 200
617 65 1006 175 371 950
617 330 117
827 29 616 863 700 117 840
841 1008 213 1
343 794 898 346 981 436 875 1092 694
679 1051
900 459 690 493
599 1045 332 840
1053 397 273 1055 522 62 509 496 29 247 45 687 863 891 251 1047 330 255 813
773 782 175 950
578 956
1018 682 175 950
343 496 966 481 433
805 147 522 590
402 410 208 117
496 426 459 1066
579 45 197 448
47 29
960 817 918 903 934 645 1043 478 29 97 675 688 863 512 909 692 634 826
769 911 208 117
496 785 944 188
215 775 1042 41 475 1044
740 565 987 911 21
229 1001 57 682
617 489
259 490 78 248 1076 504 1059 440 522 175 950
1021 682 911
617 241 299
578 108 991 223 743 524 229 79 923 147 103 18 911
248 532 505
855 944
239 832 253
578 595
343 747 960 332 683
1012 45
343 72 555 433 21
9 287
578 848 960 36 402 833 406 229 953 617 410 117 464 258
459 278 360 617 690 891 394 439 522 1090 789 433
578 406 900 108 582 117
402 410
578 476 1016
773 794 29 157 474 772
496 923 589
266 124 923 395
495 357 426 326
343 794 953
394 845 958 448
343 599 1045 23
78 15 868
132 596 334
87 621 504 932 367 837 522 175 950 10 802 326 146 1051
578 236 358 1 504 762 698 134 206 932 207 365 175 40 212 180 879 146 377 254 887 490 1010 744 711 522 712 921 950 457 392 353 866 1049 1050 897
495 229 768 108 595 271 146 538
560 553 678
496 482 241 647 682 464 886
1016 188
578 709 312 132 229 740 410 364 911
1011 863 199 18 554
858 1011 589
966 338 402 551 440 410 199 20 220
849 709 852 740 775 223 385 749 983 953 485 717 486 410 970 589 911 117 502 464
757 966 595
579 495 52 291 749 100 768 817 560 555 336
29 817
959 599 863
457 879 698 207 365 377
578 117
852 983
579 724 961
1092 920 226
479 900 679 954 146 253
259 966
402 117
628 139
179 686
578 782 628 82 139 117
399 658 451 593 242 650 129 18
402 440 38 1041 966 29 229 749 278 967 736 129 199 410 147 116 188 433
578 1013 768 117 541
495 279 326
661 541
1045 384 863 199 117
740 402 172 385 977 496 459 215 953 690 410 911 21
966 674 911 433 886
966 794 312 637 900 911 555
966 433
578 450 879 698 134 207 412 377 708
402 410
229 674
969 1094
495 1064
656 180 990 123 54 759 4 487 251 355 28 766
315 276 146 607
222 995 49
92 990 123 817 245 495 802 701 687 64 443 431 1016
544 986 1071
961 635
147 516
656 951
222 1064 1067 26 1071 590
123 918 934 951
578 35 706 245
1054 108 961 135 137 243 9 683 266 944 1071 986 332
106 744 950
133 604
740 511
481 340 16 57 489 1094
1040 631 1083
228 248
848 1015 209 188
202 1083 945
848 337 953 241 833 486
856 775 976 117
1054 35 776 560 1076 1059 768 249 184 788 633 164 1050
1068 187
768 698 944 207
77 603
713 645 557 950
435 961 1036 134 81 1040 147 790
656 773 758 169 990 560 384 903 779 905 979 568 457 142 675 630 632
946 953 891 146 524
55 65
479 889 1078
953 395
627 976
465 239 628 241 539
496 892 893 158 684
82 285 753
529 889 255 318 813
289 52 277
435 239 144 833 650 945
756 346 47 601 954 440 146 17 766
733 769 953
312 155 730 176 209
733 976
105 312 334
179 12 435 462 1040 287
758 918 207 254 175 950
1018 695 499 268 134 206 934 254 765 414 897 951
568 544
568 544
123 4 934 951
679 635
222 49
229 609 224
849 1007 1027 481 617 70 384 276 612 625 667
1054 108 961 135 137 243 9 683 266 944 1071 986 332
212 713 368 285
440 364
490 254
35 193 1019 812 684
620 338 239 580 469 241 438 699 1083 764 209 227 551 147 788 668
856 496 695 459 690 364
1054 90 111 706 813
714 134 206 207
479 55 65
758 918 207 934 254 175 951 950
968 511 205 206 440 50 607
758 1024
948 936
77 497 758 408 442 982 64 440 603 840
627 976
143 889 255
578 212 763 395 772 625
380 261 953 1003 207 625 951
443 489
248 893 494
756 768 315 253 424
758 504 942 663 66 367 522 706 175 813 950
266 496 402 410
1007 201 939 937 687 675 249 805 1003 184 254 590 654
756 641 342 516
212 714 442 365 603 1072 319
495 266 421
758 951
497 229 82 790
756 773 641 454 516
578 756 544 53 1057 888 920 508 569 79 703 130 754
1027 976 149
309 837
857 514 956 592 721
146 590 766 542
509 900 402 263 1081 493 117
609 670 886
175 950
578 77 773
578 338 115 481
63 571
35 891 892
82 753
105 44 544 889 629 206 986 949
380 259 579 758 775 759 504 762 833 522 509 180 407 953 954 183 129 198 431 146 377
373 427 455 839
253 625 356
817 892 86
890 376